1349829446.000000 116.281364 39.870049
1349829454.000000 116.280869 39.870785
1349829462.000000 116.280998 39.870243
1349829471.000000 116.277023 39.878735
1349829479.000000 116.275597 39.882538
1349829487.000000 116.275383 39.883114
1349829495.000000 116.275436 39.883442
1349829503.000000 116.275459 39.883385
1349829511.000000 116.275757 39.882572
1349829537.000000 116.275459 39.883385
1349829543.000000 116.275436 39.883442
1349829549.000000 116.275383 39.883114
1349829555.000000 116.274818 39.884670
1349829561.000000 116.274139 39.888451
1349829567.000000 116.274132 39.891399
1349829573.000000 116.274338 39.890804
1349829603.000000 116.274132 39.891399
1349829615.000000 116.274101 39.894276
1349829627.000000 116.274117 39.895367
1349829639.000000 116.274796 39.897415
1349829651.000000 116.270576 39.897049
1349829671.000000 116.269279 39.897057
1349829691.000000 116.268349 39.897057
1349829711.000000 116.260574 39.897060
1349829741.000000 116.257835 39.897049
1349829771.000000 116.252548 39.897038
1349829786.000000 116.250000 39.897038
1349829801.000000 116.248421 39.897045
1349829816.000000 116.246902 39.897049
1349829831.000000 116.235725 39.897030
1349829851.000000 116.232285 39.897034
1349829871.000000 116.231628 39.897034
1349829891.000000 116.225983 39.897038
1349829911.000000 116.223213 39.897034
1349829931.000000 116.219673 39.896999
1349829951.000000 116.215530 39.896427
1349829971.000000 116.212128 39.896358
1349829991.000000 116.211227 39.898193
1349830011.000000 116.211143 39.906929
1349830071.000000 116.211143 39.911785
1349830131.000000 116.211517 39.916668
1349830191.000000 116.211906 39.919674
1349830211.000000 116.212051 39.921005
1349830231.000000 116.212334 39.925297
1349830251.000000 116.209961 39.925205
1349830261.000000 116.209541 39.925007
1349830271.000000 116.208847 39.924767
1349830281.000000 116.205177 39.924740
1349830291.000000 116.204597 39.924740
1349830301.000000 116.203667 39.924763
1349830311.000000 116.202347 39.924816
1349830321.000000 116.201897 39.924820
1349830331.000000 116.201370 39.924816
1349830341.000000 116.201134 39.924816
1349830351.000000 116.199448 39.924809
1349830371.000000 116.197861 39.924824
1349830377.000000 116.197746 39.924824
1349830383.000000 116.196442 39.924847
1349830389.000000 116.193726 39.924866
1349830395.000000 116.192345 39.924858
1349830401.000000 116.189034 39.924843
1349830407.000000 116.187607 39.924828
1349830413.000000 116.187469 39.924824
1349830419.000000 116.186737 39.924828
1349830425.000000 116.186600 39.924828
1349830431.000000 116.185631 39.924732
1349830441.000000 116.183769 39.924549
1349830451.000000 116.181030 39.924274
1349830461.000000 116.177834 39.923962
1349830471.000000 116.172318 39.924591
1349830503.000000 116.172234 39.924694
1349830515.000000 116.169090 39.924664
1349830527.000000 116.168991 39.924667
1349830539.000000 116.163666 39.924683
1349830551.000000 116.161179 39.924679
1349830581.000000 116.161171 39.926285
1349830596.000000 116.162582 39.926342
1349830611.000000 116.165848 39.926338
1349830687.000000 116.165871 39.926929
1349830695.000000 116.165894 39.927567
1349830703.000000 116.165916 39.928043
1349830711.000000 116.165932 39.928509
1349830719.000000 116.167252 39.928837
1349830731.000000 116.165939 39.929611
1349830813.000000 116.165932 39.928509
1349831061.000000 116.165916 39.928043
1349831226.000000 116.165894 39.927567
1349831391.000000 116.165871 39.926929
1349831556.000000 116.165848 39.926338
1349831721.000000 116.166061 39.926342
1349831886.000000 116.167336 39.926334
1349832058.000000 116.167793 39.926319
1349832065.000000 116.168037 39.926311
1349832072.000000 116.169029 39.926277
1349832079.000000 116.169128 39.926273
1349832086.000000 116.169174 39.929882
1349832093.000000 116.172104 39.929932
1349832100.000000 116.173538 39.926296
1349832111.000000 116.176025 39.927006
1349832141.000000 116.177444 39.927444
1349832171.000000 116.178131 39.927616
1349832191.000000 116.179619 39.927967
1349832211.000000 116.180984 39.928310
1349832231.000000 116.184959 39.929287
1349832246.000000 116.185249 39.928463
1349832261.000000 116.185616 39.927685
1349832276.000000 116.185707 39.927616
1349832291.000000 116.192329 39.929260
1349832471.000000 116.193291 39.929508
1349832651.000000 116.195160 39.929981
1349832831.000000 116.197449 39.930538
1349832855.000000 116.197495 39.929878
1349832867.000000 116.197578 39.929325
1349832879.000000 116.197639 39.927692
1349832891.000000 116.197784 39.925716
1349833071.000000 116.197861 39.924824
1349833111.000000 116.199448 39.924809
1349833151.000000 116.201134 39.924816
1349833191.000000 116.201370 39.924816
1349833199.000000 116.201897 39.924820
1349833207.000000 116.202347 39.924816
1349833215.000000 116.203667 39.924763
1349833223.000000 116.204597 39.924740
1349833231.000000 116.205177 39.924740
1349833239.000000 116.208847 39.924767
1349833251.000000 116.214890 39.924770
1349833271.000000 116.210152 39.923702
1349833291.000000 116.211884 39.921314
1349833311.000000 116.211334 39.916668
1349833321.000000 116.210983 39.911427
1349833331.000000 116.210793 39.907673
1349833341.000000 116.211334 39.907627
1349833351.000000 116.211319 39.909031
1349833361.000000 116.211143 39.911785
1349833371.000000 116.211143 39.906929
1349833401.000000 116.211227 39.898193
1349833431.000000 116.211266 39.895199
1349833461.000000 116.211449 39.890236
1349833491.000000 116.219940 39.857548
1349833671.000000 116.221169 39.851757
1349833683.000000 116.221802 39.849472
1349833695.000000 116.222527 39.848320
1349833707.000000 116.227303 39.843132
1349833791.000000 116.237434 39.833332
1349833821.000000 116.237534 39.833290
1349833851.000000 116.250000 39.827187
1349833910.000000 116.269852 39.787334
1349833945.000000 116.268745 39.791164
1349833980.000000 116.268036 39.791149
1349834015.000000 116.269630 39.787388
1349834050.000000 116.270927 39.783833
1349834089.000000 116.291931 39.775200
1349834209.000000 116.299301 39.779194
1349834269.000000 116.316833 39.780895
1349834299.000000 116.320869 39.780388
1349834329.000000 116.335304 39.778969
1349834369.000000 116.339081 39.778530
1349834409.000000 116.341110 39.777718
1349834449.000000 116.341675 39.777237
1349834457.000000 116.341934 39.776711
1349834465.000000 116.342018 39.768154
1349834473.000000 116.342056 39.766392
1349834481.000000 116.342155 39.765453
1349834489.000000 116.341782 39.766846
1349834519.000000 116.342155 39.765453
1349834529.000000 116.342056 39.766392
1349834539.000000 116.342018 39.768154
1349834549.000000 116.343636 39.756638
1349834589.000000 116.344368 39.750000
1349834609.000000 116.344505 39.747997
1349834629.000000 116.343758 39.717220
1349834809.000000 116.331390 39.703945
1349834839.000000 116.329330 39.699181
1349834869.000000 116.329185 39.695721
1349834929.000000 116.326675 39.683323
1349834949.000000 116.325851 39.680676
1349834969.000000 116.324692 39.672642
1349834989.000000 116.324142 39.666668
1349835049.000000 116.323601 39.654102
1349835109.000000 116.323685 39.639973
1349835169.000000 116.326653 39.610405
1349835289.000000 116.327682 39.596569
1349835349.000000 116.326439 39.583332
1349835355.000000 116.325005 39.562012
1349835361.000000 116.294846 39.514141
1349835367.000000 116.294823 39.507534
1349835373.000000 116.294586 39.508675
1349835379.000000 116.295357 39.508732
1349835385.000000 116.295052 39.507427
1349835391.000000 116.295052 39.514149
1349835397.000000 116.325089 39.561352
1349835424.000000 116.295052 39.514149
1349835439.000000 116.295052 39.507427
1349835454.000000 116.295357 39.508732
1349835469.000000 116.294586 39.508675
1349835484.000000 116.294823 39.507534
1349835499.000000 116.294846 39.514141
1349835649.000000 116.294823 39.507534
1349835799.000000 116.294586 39.508675
1349835814.000000 116.295357 39.508732
1349835829.000000 116.295052 39.507427
1349835844.000000 116.295059 39.505844
1349835859.000000 116.294373 39.500965
1349835874.000000 116.293983 39.500000
1349835889.000000 116.285034 39.478741
1349835976.000000 116.280006 39.453953
1349836081.000000 116.278488 39.450027
1349836102.000000 116.280006 39.453953
1349836102.000000 116.285034 39.478741
1349836102.000000 116.293983 39.500000
1349836102.000000 116.294373 39.500965
1349836102.000000 116.295059 39.505844
1349836102.000000 116.295052 39.507427
1349836102.000000 116.295052 39.514149
1349836102.000000 116.325089 39.561352
1349836102.000000 116.326591 39.583332
1349836102.000000 116.327789 39.595875
1349836102.000000 116.326942 39.609509
1349836102.000000 116.323975 39.639050
1349836102.000000 116.323730 39.653458
1349836102.000000 116.324265 39.666668
1349836102.000000 116.324814 39.672634
1349836102.000000 116.326263 39.681839
1349836102.000000 116.327400 39.684582
1349836102.000000 116.329414 39.697208
1349836102.000000 116.330200 39.701256
1349836102.000000 116.331284 39.703411
1349836102.000000 116.333656 39.700832
1349836102.000000 116.375000 39.712837
1349836102.000000 116.403603 39.720943
1349836102.000000 116.415184 39.721539
1349836102.000000 116.415634 39.721588
1349836102.000000 116.456856 39.725746
1349836102.000000 116.469727 39.727196
1349836102.000000 116.470177 39.727268
1349836102.000000 116.472321 39.727657
1349836102.000000 116.473274 39.727840
1349836102.000000 116.494629 39.734608
1349836102.000000 116.500000 39.736862
1349836102.000000 116.527306 39.742168
1349836102.000000 116.527634 39.742294
1349836102.000000 116.558998 39.747078
1349836102.000000 116.566269 39.750000
1349836102.000000 116.580688 39.756016
1349836102.000000 116.625000 39.788971
1349836102.000000 116.626305 39.790871
1349836102.000000 116.634354 39.799774
1349836102.000000 116.638977 39.803631
1349836102.000000 116.643707 39.807281
1349836102.000000 116.676247 39.833332
1349836102.000000 116.677383 39.834492
1349836102.000000 116.677818 39.838161
1349836102.000000 116.682823 39.839733
1349836102.000000 116.686165 39.843128
1349836102.000000 116.701775 39.864792
1349836102.000000 116.705894 39.872143
1349836102.000000 116.709923 39.882893
1349836102.000000 116.709000 39.916668
1349836102.000000 116.708176 39.925259
1349836102.000000 116.707268 39.929699
1349836102.000000 116.704002 39.946217
1349836102.000000 116.703667 39.950039
1349836102.000000 116.710281 39.984325
1349836102.000000 116.694412 40.000000
1349836102.000000 116.676498 40.013680
1349836102.000000 116.665482 40.031971
1349836102.000000 116.663155 40.036987
1349836102.000000 116.662315 40.038773
1349836102.000000 116.654930 40.052834
1349836102.000000 116.652473 40.056423
1349836102.000000 116.636940 40.076382
1349836102.000000 116.632385 40.080700
1349836102.000000 116.629654 40.083332
1349836102.000000 116.625000 40.090729
1349836102.000000 116.623878 40.111324
1349836102.000000 116.623756 40.115551
1349836102.000000 116.608727 40.142704
1349836102.000000 116.603989 40.142986
1349836102.000000 116.557922 40.145119
1349836102.000000 116.548660 40.145546
1349836102.000000 116.500000 40.152538
1349836102.000000 116.491837 40.154015
1349836102.000000 116.479752 40.156010
1349836102.000000 116.483322 40.156879
1349836102.000000 116.485641 40.160049
1349836102.000000 116.486839 40.166668
1349836102.000000 116.488754 40.177212
1349836102.000000 116.489426 40.180893
1349836102.000000 116.500000 40.208401
1349836102.000000 116.501907 40.211086
1349836102.000000 116.503998 40.213947
1349836102.000000 116.527763 40.236065
1349836102.000000 116.530678 40.238407
1349836102.000000 116.548988 40.250000
1349836102.000000 116.550903 40.250774
1349836102.000000 116.576736 40.259991
1349836102.000000 116.625000 40.274094
1349836102.000000 116.633446 40.274189
1349836102.000000 116.639336 40.274189
1349836102.000000 116.645920 40.274086
1349836102.000000 116.673752 40.269741
1349836102.000000 116.681976 40.269047
1349836102.000000 116.750000 40.283733
1349836102.000000 116.810242 40.333332
1349836102.000000 116.827705 40.342091
1349836102.000000 116.831177 40.343872
1349836102.000000 116.875000 40.365807
1349836102.000000 116.891129 40.381104
1349836102.000000 116.891373 40.381294
1349836102.000000 116.892014 40.381786
1349836102.000000 116.895004 40.384071
1349836102.000000 116.899353 40.387619
1349836102.000000 116.952721 40.396053
1349836102.000000 116.955650 40.395588
1349836102.000000 116.964478 40.394455
1349836102.000000 116.970322 40.395031
1349836102.000000 116.982170 40.398544
1349836102.000000 116.986481 40.398991
1349836102.000000 117.000000 40.396393
1349836102.000000 117.008995 40.394070
1349836102.000000 117.035835 40.379265
1349836102.000000 117.039635 40.380398
1349836102.000000 117.041153 40.381084
1349836102.000000 117.053055 40.386391
1349836102.000000 117.085129 40.388790
1349836102.000000 117.125000 40.405304
1349836102.000000 117.147079 40.416668
1349836102.000000 117.158798 40.420460
1349836102.000000 117.169006 40.443813
1349836102.000000 117.167831 40.446522
1349836102.000000 117.166718 40.449116
1349836102.000000 117.164925 40.453350
1349836102.000000 117.164711 40.460602
1349836102.000000 117.166428 40.462917
1349836102.000000 117.172493 40.488140
1349836102.000000 117.176140 40.494400
1349836102.000000 117.177902 40.494873
1349836102.000000 117.175316 40.500000
1349836102.000000 117.173492 40.500889
1349836102.000000 117.174263 40.502327
1349836102.000000 117.181664 40.501835
1349836102.000000 117.181572 40.504719
1349836102.000000 117.181549 40.505043
1349836102.000000 117.182724 40.509560
1349836102.000000 117.183479 40.509617
1349836102.000000 117.186913 40.509888
1349836102.000000 117.191154 40.513359
1349836102.000000 117.198174 40.509945
1349836102.000000 117.206329 40.512424
1349836102.000000 117.207924 40.511230
1349836102.000000 117.213646 40.507122
1349836102.000000 117.224129 40.500000
1349836102.000000 117.250000 40.487274
1349836102.000000 117.362083 40.479588
1349836234.000000 117.375000 40.478943
